-8
1
46
49
5
-20
20
10
80
51
-42
199
64
44
87
-50
65
103
46
116
-112
27
17
37
43
-15
181
1
35
54
-2
122
101
68
63
93
38
53
31
43
8
184
98
87
2
-120
85
21
107
4
-77
131
132
179
102
-31
90
15
80
49
66
22
6
4
13
-22
0
38
4
107
-108
6
47
70
13
-33
0
55
86
119
82
44
77
129
3
47
37
3
159
6
78
116
89
9
123
-122
181
99
165
95
-107
46
71
13
104
-118
46
129
98
99
-21
118
132
142
100
-85
72
9
118
51
57
119
131
33
61
-108
178
114
57
67
-89
68
67
111
90
-76
105
126
11
123
81
153
26
138
100
-63
16
109
14
29
-121
139
25
63
111
85
165
101
165
120
-119
80
130
48
62
-91
57
2
82
66
-73
65
25
168
16
-75
21
80
180
18
-54
31
8
33
100
-95
151
113
131
93
119
128
54
113
62
-67
0
31
177
7
-29
168
39
166
45
97
56
8
153
46
-63
112
35
17
31
87
80
56
18
83
-45
107
122
39
126
-35
8
51
6
87
-82
154
63
117
15
-126
3
115
189
92
57
103
5
89
124
49
147
69
192
102
-103
94
5
98
117
52
97
11
192
45
-31
3
131
45
54
6
87
8
130
48
-122
44
98
69
59
-72
95
122
144
2
-57
4
64
169
111
-109
178
59
13
92
-119
123
122
84
84
-100
136
130
127
17
22
58
12
82
101
7
17
37
52
11
-69
86
19
70
107
-88
128
85
86
84
-35
71
80
146
107
-63
189
113
95
7
98
181
9
91
99
-98
9
54
180
127
-32
124
106
128
115
124
174
54
128
28
-78
26
33
114
123
-74
25
48
167
84
75
70
96
1
47
10
147
80
24
97
-58
114
54
7
119
-3
155
129
62
11
-110
116
64
46
22
-89
136
69
168
35
93
65
33
54
46
-96
133
73
3
40
118
9
54
1
4
-38
105
106
132
107
-123
57
80
194
92
-30
8
127
157
39
73
0
93
151
45
52
41
72
129
42
47
153
94
24
45
-54
4
55
10
56
3
11
103
96
77
63
143
54
157
32
-46
44
33
83
98
43
75
99
51
10
-66
169
41
167
75
-12
0
112
142
121
119
133
42
50
100
-42
34
95
152
24
100
162
65
83
92
-122
87
63
7
37
-15
169
16
17
22
70
84
91
186
39
-58
162
60
60
62
106
76
124
35
105
55
195
5
54
111
-79
29
31
122
16
-126
142
126
107
125
-51
172
114
54
73
23
74
34
134
93
-105
1
126
163
84
102
97
59
154
98
108
179
71
86
77
6
143
60
41
41
-57
175
124
109
27
-95
159
21
128
37
-40
85
111
65
107
67
197
45
184
11
55
43
72
170
130
52
165
131
85
112
-80
91
73
130
4
74
110
39
47
10
-121
42
86
165
86
-102
99
88
85
130
39
132
105
87
37
51
98
51
59
118
-11
140
111
127
45
-43
153
49
165
109
64
183
70
114
99
2
42
3
145
54
-92
6
117
99
95
126
126
87
107
79
-74
97
72
140
70
122
193
87
176
65
-31
170
78
167
56
-63
99
76
13
15
45
124
27
64
87
3
113
12
116
12
46
89
117
70
42
-126
49
103
146
73
-103
33
33
184
24
82
90
91
117
129
4
146
95
17
37
-1
181
93
137
117
55
144
112
195
70
-124
23
35
6
28
-49
179
5
51
57
-115
4
88
43
13
24
199
47
176
49
46
4
37
6
8
-50
18
41
148
74
70
48
4
55
51
48
192
15
178
48
-68
102
55
138
51
-81
151
21
7
49
-113
162
84
151
121
-65
74
50
68
60
-100
145
32
98
37
107
193
24
104
83
85
117
98
76
31
-120
55
29
162
2
-104
122
74
55
47
-26
45
81
194
94
-41
52
4
132
56
-4
24
34
52
58
112
146
32
142
93
-8
47
109
120
13
-14
149
26
118
56
-89
86
26
79
83
97
8
79
152
8
-77
7
58
151
12
62
46
28
117
11
22
140
66
44
34
-2
156
93
81
20
102
190
0
185
102
-3
162
52
103
52
88
91
107
106
116
-12
176
102
44
109
11
25
88
149
26
8
111
131
108
55
-17
36
112
117
7
78
1
127
88
4
92
3
55
29
37
80
9
0
160
29
-1
36
26
99
38
109
133
22
31
27
-93
7
79
35
23
15
150
29
111
19
102
17
116
112
38
121
124
16
34
14
108
59
86
50
41
-80
18
42
78
22
113
180
41
103
75
27
153
33
175
16
-108
114
53
192
99
-83
44
55
168
57
101
194
48
125
63
45
69
111
95
128
-78
169
3
55
87
-3
151
61
42
52
-119
64
125
119
4
-63
65
19
40
20
86
106
67
36
44
-110
